0 0
1 0
2 0
3 0
4 0
5 0
6 0
7 0
8 0
9 0
10 0
11 0
12 0
13 0
14 0
15 0
16 0
17 0
18 0
19 0
20 0
21 0
22 0
23 0
24 0
25 0
26 0
27 0
28 0
29 0
30 0
31 0
32 0
33 0
34 0
35 0
36 0
37 0
38 0
39 0
40 0
41 0
42 0
43 0
44 0
45 0
46 0
47 0
48 0
49 0
50 0
51 0
52 0
53 0
54 0
55 0
56 0
57 0
58 0
59 0
60 0
61 0
62 0
63 0
64 0
65 0
66 0
67 1
68 1
69 1
70 1
71 1
72 1
73 1
74 1
75 1
76 1
77 1
78 1
79 1
80 1
81 1
82 1
83 1
84 1
85 1
86 1
87 1
88 1
89 1
90 1
91 1
92 1
93 1
94 1
95 1
96 1
97 1
98 1
99 1
100 1
101 1
102 1
103 1
104 1
105 1
106 1
107 1
108 1
109 1
110 1
111 1
112 1
113 1
114 1
115 1
116 1
117 1
118 1
119 1
120 1
121 1
122 1
123 1
124 1
125 1
126 1
127 1
128 1
129 1
130 1
131 1
132 1
133 1
134 1
135 1
136 1
137 2
138 2
139 2
140 2
141 2
142 2
143 2
144 2
145 2
146 2
147 2
148 2
149 2
150 2
151 2
152 2
153 2
154 2
155 2
156 2
157 2
158 2
159 2
160 2
161 2
162 2
163 2
164 2
165 2
166 2
167 2
168 2
169 2
170 2
171 2
172 2
173 2
174 2
175 2
176 2
177 2
178 2
179 2
180 2
181 2
182 2
183 2
184 2
185 2
186 2
187 2
188 2
189 2
190 2
191 2
192 2
193 2
194 2
195 2
196 2
197 2
198 2
199 2
200 2
201 2
202 2
203 2
204 2
205 2
206 2
207 2
208 2
209 2
210 2
211 2
212 2
213 2
214 2
215 2
216 2
217 2
218 2
219 2
220 2
221 2
222 2
223 2
224 2
225 2
226 2
227 2
228 2
229 2
230 2
231 2
232 2
233 2
234 2
235 2
236 2
237 2
238 2
239 2
240 2
241 2
242 2
243 2
244 2
245 2
246 2
247 2
248 2
249 2
250 2
251 2
252 2
253 2
254 2
255 2
256 2
257 2
258 2
259 2
260 2
261 2
262 2
263 2
264 2
265 2
266 2
267 2
268 2
269 2
270 2
271 2
272 2
273 2
274 2
275 2
276 2
277 2
278 2
279 2
280 2
281 2
282 2
283 2
284 2
285 2
286 2
287 2
288 2
289 2
290 2
291 2
292 2
293 2
294 2
295 2
296 2
297 2
298 2
299 2
300 2
301 2
302 2
303 2
304 2
305 2
306 2
307 2
308 2
309 2
310 2
311 2
312 2
313 2
314 2
315 2
316 2
317 2
318 2
319 2
320 2
321 2
322 2
323 3
324 3
325 3
326 3
327 3
328 3
329 3
330 3
331 3
332 3
333 3
334 3
335 3
336 3
337 3
338 3
339 3
340 3
341 3
342 3
343 3
344 3
345 3
346 3
347 3
348 3
349 3
350 3
351 3
352 3
353 3
354 3
355 3
356 3
357 3
358 3
359 3
360 3
361 3
362 3
363 3
364 3
365 3
366 3
367 3
368 3
369 3
370 3
371 3
372 3
373 3
374 3
375 3
376 3
377 3
378 3
379 3
380 3
381 3
382 3
383 3
384 3
385 3
386 3
387 3
388 3
389 3
390 3
391 3
392 3
393 3
394 3
395 3
396 3
397 3
398 3
399 3
400 3
401 3
402 3
403 3
404 3
405 3
406 3
407 3
408 3
409 3
410 3
411 3
412 3
413 3
414 3
415 3
416 3
417 3
418 3
419 3
420 3
421 3
422 3
423 3
424 3
425 3
426 3
427 3
428 3
429 3
430 3
431 3
432 3
433 3
434 3
435 3
436 3
437 3
438 3
439 3
440 3
441 3
442 3
443 3
444 3
445 3
446 3
447 3
448 3
449 3
450 3
451 3
452 3
453 3
454 3
455 3
456 3
457 3
458 3
459 3
460 3
461 3
462 3
463 3
464 3
465 3
466 3
467 3
468 3
469 3
470 3
471 3
472 3
473 3
474 3
475 3
476 3
477 3
478 3
479 3
480 3
481 3
482 3
483 3
484 3
485 3
486 3
487 3
488 3
489 3
490 3
491 3
492 3
493 3
494 3
495 3
496 3
497 3
498 3
499 3
500 3
501 3
502 3
503 3
504 3
505 3
506 3
507 3
508 3
509 3
510 3
511 3
512 3
513 3
514 3
515 3
516 3
517 3
518 3
519 3
520 3
521 3
522 3
523 3
524 3
525 3
526 3
527 3
528 3
529 3
530 3
531 3
532 3
533 3
534 3
535 3
536 3
537 3
538 3
539 3
540 3
541 3
542 3
543 3
544 3
545 3
546 3
547 3
548 3
549 3
550 3
551 3
552 3
553 3
554 3
555 3
556 3
557 3
558 3
559 3
560 3
561 3
562 3
563 3
564 3
565 3
566 3
567 3
568 3
569 3
570 3
571 3
572 3
573 3
574 3
575 3
576 3
577 3
578 3
579 3
580 3
581 3
582 3
583 3
584 3
585 3
586 3
587 3
588 3
589 3
590 3
591 3
592 3
593 3
594 3
595 3
596 3
597 3
598 3
599 3
600 3
601 3
602 3
603 3
604 3
605 3
606 3
607 3
608 3
609 3
610 3
611 3
612 3
613 3
614 3
615 3
616 3
617 3
618 3
619 3
620 3
621 3
622 3
623 3
624 3
625 3
626 3
627 3
628 3
629 3
630 3
631 3
632 3
633 3
634 3
635 3
636 3
637 3
638 3
639 3
640 3
641 3
642 3
643 3
644 3
645 3
646 3
647 3
648 3
649 3
650 3
651 3
652 3
653 3
654 3
655 3
656 3
657 3
658 3
659 3
660 3
661 3
662 3
663 3
664 3
665 3
666 3
667 3
668 3
669 3
670 3
671 3
672 3
673 3
674 3
675 3
676 3
677 3
678 3
679 3
680 3
681 3
682 3
683 3
684 3
685 3
686 3
687 3
688 3
689 3
690 3
691 3
692 3
693 3
694 3
695 3
696 3
697 3
698 3
699 3
700 3
701 3
702 3
703 3
704 3
705 3
706 3
707 3
708 3
709 3
710 3
711 3
712 3
713 3
714 3
715 3
716 3
717 3
718 3
719 3
720 3
721 3
722 3
723 3
724 3
725 3
726 3
727 3
728 3
729 3
730 3
731 3
732 3
733 3
734 3
735 3
736 3
737 3
738 3
739 3
740 3
741 3
742 3
743 3
744 3
745 3
746 3
747 3
748 3
749 3
750 3
751 3
752 3
753 3
754 3
755 3
756 3
757 3
758 3
759 3
760 3
761 3
762 4
763 4
764 4
765 4
766 4
767 4
768 4
769 4
770 4
771 4
772 4
773 4
774 4
775 4
776 4
777 4
778 4
779 4
780 4
781 4
782 4
783 4
784 4
785 4
786 4
787 4
788 4
789 4
790 4
791 4
792 4
793 4
794 4
795 4
796 4
797 4
798 4
799 4
800 4
801 4
802 4
803 4
804 4
805 4
806 4
807 4
808 4
809 4
810 4
811 4
812 4
813 4
814 4
815 4
816 4
817 4
818 4
819 4
820 4
821 4
822 4
823 4
824 4
825 4
826 4
827 4
828 4
829 4
830 4
831 4
832 4
833 4
834 4
835 4
836 4
837 4
838 4
839 4
840 4
841 4
842 4
843 4
844 4
845 4
846 5
847 5
848 5
849 5
850 5
851 5
852 5
853 5
854 5
855 5
856 5
857 5
858 5
859 5
860 5
861 5
862 5
863 5
864 5
865 5
866 5
867 5
868 5
869 5
870 6
871 6
872 6
873 6
874 6
875 6
876 6
877 6
878 6
879 6
880 6
881 6
882 6
883 6
884 6
885 6
886 6
887 6
888 6
889 6
890 6
891 6
892 6
893 6
894 6
895 6
896 6
897 6
898 6
899 6
900 6
901 6
902 6
903 6
904 6
905 6
906 6
907 6
908 6
909 6
910 6
911 6
912 6
913 6
914 6
915 6
916 6
917 6
918 6
919 6
920 6
921 6
922 6
923 6
924 6
925 6
926 6
927 6
928 6
929 6
930 6
931 6
932 6
933 6
934 6
935 6
936 6
937 6
938 6
939 6
940 6
941 6
942 6
943 6
944 6
945 6
946 6
947 6
948 6
949 6
950 6
951 6
952 6
953 6
954 6
955 6
956 6
957 6
958 6
959 6
960 6
961 6
962 6
963 6
964 6
965 6
966 6
967 6
968 6
969 6
970 6
971 6
972 6
973 6
974 6
975 6
976 6
977 6
978 6
979 6
980 6
981 6
982 6
983 6
984 6
985 6
986 6
987 6
988 6
989 6
990 6
991 6
992 6
993 6
994 6
995 6
996 6
997 6
998 6
999 6
1000 6
1001 6
1002 6
1003 6
1004 6
1005 6
1006 6
1007 6
1008 6
1009 6
1010 6
1011 6
1012 6
1013 6
1014 6
1015 6
1016 6
1017 6
1018 6
1019 6
1020 6
1021 6
1022 6
1023 6
1024 6
1025 6
1026 6
1027 6
1028 6
1029 6
1030 6
1031 6
1032 6
1033 6
1034 6
1035 6
1036 6
1037 6
1038 6
1039 6
1040 6
1041 6
1042 6
1043 6
1044 6
1045 6
1046 6
1047 6
1048 6
1049 6
1050 6
1051 6
1052 6
1053 6
1054 6
1055 6
1056 6
1057 6
1058 6
1059 6
1060 6
1061 6
1062 6
1063 6
1064 6
1065 6
1066 6
1067 6
1068 6
1069 6
1070 6
1071 6
1072 6
1073 6
1074 6
1075 6
1076 6
1077 6
1078 6
1079 6
1080 6
1081 6
1082 6
1083 6
1084 6
1085 6
1086 6
1087 6
1088 6
1089 6
1090 6
1091 6
1092 6
1093 6
1094 6
1095 6
1096 6
1097 6
1098 6
1099 6
1100 6
1101 6
1102 6
1103 6
1104 6
1105 6
1106 6
1107 6
1108 6
1109 6
1110 6
1111 6
1112 6
1113 6
1114 6
1115 6
1116 6
1117 6
1118 6
1119 6
1120 6
1121 6
1122 6
1123 6
1124 6
1125 6
1126 6
1127 6
1128 6
1129 6
1130 6
1131 6
1132 6
1133 6
1134 6
1135 6
1136 6
1137 6
1138 6
1139 6
1140 6
1141 6
1142 6
1143 6
1144 6
1145 6
1146 6
1147 6
1148 6
1149 6
1150 6
1151 6
1152 6
1153 6
1154 6
1155 6
1156 6
1157 6
1158 6
1159 6
1160 6
1161 6
1162 6
1163 6
1164 6
1165 6
1166 6
1167 6
1168 6
1169 6
1170 6
1171 6
1172 6
1173 6
1174 6
1175 6
1176 6
1177 6
1178 6
1179 6
1180 6
1181 6
1182 6
1183 6
1184 6
1185 6
1186 6
1187 6
1188 6
1189 6
1190 6
1191 6
1192 6
1193 6
1194 6
1195 6
1196 6
1197 6
1198 6
1199 6
1200 6
1201 6
1202 6
1203 6
1204 6
1205 6
1206 6
1207 6
1208 6
1209 6
1210 6
1211 6
1212 6
1213 6
1214 6
1215 6
1216 6
1217 6
1218 6
1219 6
1220 6
1221 6
1222 6
1223 6
1224 6
1225 6
1226 6
1227 6
1228 6
1229 6
1230 6
1231 6
1232 6
1233 6
1234 6
1235 6
1236 6
1237 6
1238 6
1239 6
1240 6
1241 6
1242 6
1243 6
1244 6
1245 6
1246 6
1247 6
1248 6
1249 6
1250 6
1251 6
1252 6
1253 6
1254 6
1255 6
1256 6
1257 6
1258 6
1259 6
1260 6
1261 6
1262 6
1263 6
1264 6
1265 6
1266 6
1267 6
1268 6
1269 6
1270 6
1271 6
1272 6
1273 6
1274 6
1275 6
1276 6
1277 6
1278 6
1279 6
1280 6
1281 6
1282 6
1283 6
1284 6
1285 6
1286 6
1287 6
1288 6
1289 6
1290 6
1291 6
1292 6
1293 6
1294 6
1295 6
1296 6
1297 6
1298 6
1299 6
1300 6
1301 6
1302 6
1303 6
1304 6
1305 6
1306 6
1307 6
1308 6
1309 6
1310 6
1311 6
1312 6
1313 6
1314 6
1315 6
1316 6
1317 6
1318 6
1319 6
1320 6
1321 6
1322 6
1323 6
1324 6
1325 6
1326 6
1327 6
1328 6
1329 6
1330 6
1331 6
1332 6
1333 6
1334 6
1335 6
1336 6
1337 6
1338 6
1339 6
1340 6
1341 6
1342 6
1343 6
1344 6
1345 6
1346 6
1347 6
1348 6
1349 6
1350 6
1351 6
1352 6
1353 6
1354 6
1355 6
1356 6
1357 6
1358 6
1359 6
1360 6
1361 6
1362 6
1363 6
1364 6
1365 6
1366 6
1367 6
1368 6
1369 6
1370 6
1371 6
1372 6
1373 6
1374 6
1375 6
1376 6
1377 6
1378 6
1379 6
1380 6
1381 6
1382 6
1383 6
1384 6
1385 6
1386 6
1387 6
1388 6
1389 6
1390 6
1391 6
1392 6
1393 6
1394 6
1395 6
1396 6
1397 6
1398 6
1399 6
1400 6
1401 6
1402 6
1403 6
1404 6
1405 6
1406 6
1407 6
1408 6
1409 6
1410 6
1411 6
1412 6
1413 6
1414 6
1415 6
1416 6
1417 6
1418 6
1419 6
1420 6
1421 6
1422 6
1423 6
1424 6
1425 6
1426 6
1427 6
1428 6
1429 6
1430 6
1431 6
1432 6
1433 6
1434 6
1435 6
1436 6
1437 6
1438 6
1439 6
1440 6
1441 6
1442 6
1443 6
1444 6
1445 6
1446 6
1447 6
1448 6
1449 6
1450 6
1451 6
1452 6
1453 6
1454 6
1455 6
1456 6
1457 6
1458 6
1459 6
1460 6
1461 6
1462 6
1463 6
1464 6
1465 6
1466 6
1467 6
1468 6
1469 6
1470 6
1471 6
1472 6
1473 6
1474 6
1475 6
1476 6
1477 6
1478 6
1479 6
1480 6
1481 6
1482 6
1483 6
1484 6
1485 6
1486 6
1487 6
1488 6
1489 6
1490 6
1491 6
1492 6
1493 6
1494 6
1495 6
1496 6
1497 6
1498 6
1499 6
1500 6
1501 6
1502 6
1503 6
1504 6
1505 6
1506 6
1507 6
1508 6
1509 6
1510 6
1511 6
1512 6
1513 6
1514 6
1515 6
1516 6
1517 6
1518 6
1519 6
1520 6
1521 6
1522 6
1523 6
1524 6
1525 6
1526 6
1527 6
1528 6
1529 6
1530 6
1531 6
1532 6
1533 6
1534 6
1535 6
1536 6
1537 6
1538 6
1539 6
1540 6
1541 6
1542 6
1543 6
1544 6
1545 6
1546 6
1547 6
1548 6
1549 6
1550 6
1551 6
1552 6
1553 6
1554 6
1555 6
1556 6
1557 6
1558 6
1559 6
1560 6
1561 6
1562 6
1563 6
1564 6
1565 6
1566 6
1567 6
1568 6
1569 6
1570 6
1571 6
1572 7
1573 7
1574 7
1575 7
1576 7
1577 7
1578 7
1579 7
1580 7
1581 7
1582 7
1583 7
1584 7
1585 7
1586 7
1587 7
1588 7
1589 7
1590 7
1591 7
1592 7
1593 7
1594 7
1595 7
1596 7
1597 7
1598 7
1599 7
1600 7
1601 7
1602 7
1603 7
1604 7
1605 7
1606 7
1607 7
1608 7
1609 7
1610 7
1611 7
1612 7
1613 7
1614 7
1615 7
1616 7
1617 7
1618 7
1619 7
1620 7
1621 7
1622 7
1623 7
1624 7
1625 7
1626 7
1627 7
1628 7
1629 7
1630 7
1631 7
1632 7
1633 7
1634 7
1635 7
1636 7
1637 7
1638 7
1639 7
1640 7
1641 7
1642 7
1643 7
1644 7
1645 7
1646 7
1647 7
1648 7
1649 7
1650 7
1651 7
1652 7
1653 7
1654 7
1655 7
1656 7
1657 7
1658 7
1659 7
1660 7
1661 7
1662 7
1663 7
1664 7
1665 7
1666 7
1667 7
1668 7
1669 7
1670 7
1671 7
1672 7
1673 7
1674 7
1675 7
1676 7
1677 7
1678 7
1679 7
1680 7
1681 7
1682 7
1683 7
1684 7
1685 7
1686 7
1687 7
1688 7
1689 7
1690 7
1691 7
1692 7
1693 7
1694 7
1695 7
1696 7
1697 7
1698 7
1699 7
1700 7
1701 7
1702 7
1703 7
1704 7
1705 7
1706 7
1707 7
1708 7
1709 7
1710 7
1711 7
1712 7
1713 7
1714 7
1715 7
1716 7
1717 7
1718 7
1719 7
1720 7
1721 7
1722 7
1723 7
1724 7
1725 7
1726 7
1727 7
1728 7
1729 7
1730 7
1731 7
1732 7
1733 7
1734 7
1735 7
1736 7
1737 7
1738 7
1739 7
1740 7
1741 7
1742 7
1743 7
1744 7
1745 7
1746 7
1747 7
1748 7
1749 7
1750 7
1751 7
1752 7
1753 7
1754 7
1755 7
1756 7
1757 7
1758 7
1759 7
1760 7
1761 7
1762 7
1763 7
1764 7
1765 7
1766 7
1767 7
1768 7
1769 7
1770 7
1771 7
1772 7
1773 7
1774 7
1775 7
1776 7
1777 7
1778 7
1779 7
1780 7
1781 7
1782 7
1783 7
1784 7
1785 7
1786 7
1787 7
1788 7
1789 7
1790 7
1791 7
1792 7
1793 7
1794 7
1795 7
1796 7
1797 7
1798 7
1799 7
1800 7
1801 7
1802 7
1803 7
1804 7
1805 7
1806 7
1807 7
1808 7
1809 7
1810 7
1811 7
1812 7
1813 7
1814 7
1815 7
1816 7
1817 7
1818 7
1819 7
1820 7
1821 7
1822 7
1823 7
1824 7
1825 7
1826 7
1827 7
1828 7
1829 7
1830 7
1831 7
1832 7
1833 7
1834 7
1835 7
1836 7
1837 7
1838 7
1839 7
1840 7
1841 7
1842 7
1843 7
1844 7
1845 7
1846 7
1847 7
1848 7
1849 7
1850 7
1851 7
1852 7
1853 7
1854 7
1855 7
1856 7
1857 7
1858 7
1859 7
1860 7
1861 7
1862 7
1863 7
1864 7
1865 7
1866 7
1867 7
1868 7
1869 7
1870 7
1871 7
1872 7
1873 7
1874 7
1875 7
1876 7
1877 7
1878 7
1879 7
1880 7
1881 7
1882 7
1883 7
1884 7
1885 7
1886 7
1887 7
1888 7
1889 7
1890 7
1891 7
1892 7
1893 7
1894 7
1895 7
1896 7
1897 7
1898 7
1899 7
1900 7
1901 7
1902 7
1903 7
1904 7
1905 7
1906 7
1907 7
1908 8
1909 8
1910 8
1911 8
1912 8
1913 8
1914 8
1915 8
1916 8
1917 8
1918 8
1919 8
1920 8
1921 8
1922 8
1923 8
1924 8
1925 8
1926 8
1927 8
1928 8
1929 8
1930 8
1931 8
1932 8
1933 8
1934 8
1935 8
1936 8
1937 8
1938 8
1939 8
1940 8
1941 8
1942 8
1943 8
1944 8
1945 8
1946 8
1947 8
1948 8
1949 8
1950 8
1951 8
1952 8
1953 8
1954 8
1955 8
1956 8
1957 8
1958 8
1959 8
1960 8
1961 8
1962 8
1963 8
1964 8
1965 8
1966 8
1967 8
1968 8
1969 8
1970 8
1971 8
1972 8
1973 8
1974 8
1975 8
1976 8
1977 8
1978 8
1979 8
1980 8
1981 8
1982 8
1983 8
1984 8
1985 8
1986 8
1987 8
1988 8
1989 8
1990 8
1991 8
1992 8
1993 8
1994 8
1995 8
1996 8
1997 8
1998 8
1999 8
2000 8
2001 8
2002 8
2003 8
2004 8
2005 8
2006 8
2007 8
2008 8
2009 8
2010 8
2011 8
2012 8
2013 8
2014 8
2015 8
2016 8
2017 8
2018 8
2019 8
2020 8
2021 8
2022 8
2023 8
2024 8
2025 8
2026 8
2027 8
2028 8
2029 8
2030 8
2031 8
2032 8
2033 8
2034 8
2035 8
2036 8
2037 8
2038 8
2039 8
2040 8
2041 8
2042 8
2043 8
2044 8
2045 8
2046 8
2047 8
2048 8
2049 8
2050 8
2051 8
2052 8
2053 8
2054 8
2055 8
2056 8
2057 8
2058 8
2059 8
2060 8
2061 8
2062 8
2063 8
2064 8
2065 8
2066 8
2067 8
2068 8
2069 8
2070 8
2071 8
2072 8
2073 8
2074 8
2075 8
2076 8
2077 8
2078 8
2079 8
2080 8
2081 8
2082 8
2083 8
2084 8
2085 8
2086 8
2087 8
2088 8
2089 8
2090 8
2091 8
2092 8
2093 8
2094 8
2095 8
2096 8
2097 8
2098 8
2099 8
2100 8
2101 8
2102 8
2103 8
2104 8
2105 8
2106 8
2107 8
2108 8
2109 8
2110 8
2111 8
2112 8
2113 8
2114 8
2115 8
2116 8
2117 8
2118 8
2119 8
2120 8
2121 8
2122 8
2123 8
2124 8
2125 8
2126 8
2127 8
2128 8
2129 8
2130 8
2131 8
2132 8
2133 8
2134 8
2135 8
2136 8
2137 8
2138 8
2139 8
2140 8
2141 8
2142 8
2143 8
2144 8
2145 8
2146 8
2147 8
2148 8
2149 8
2150 8
2151 8
2152 8
2153 8
2154 8
2155 8
2156 8
2157 8
2158 8
2159 8
2160 8
2161 8
2162 8
2163 8
2164 8
2165 8
2166 8
2167 8
2168 8
2169 8
2170 8
2171 8
2172 8
2173 8
2174 8
2175 8
2176 8
2177 8
2178 8
2179 8
2180 8
2181 8
2182 8
2183 8
2184 8
2185 8
2186 8
2187 8
2188 8
2189 8
2190 8
2191 8
2192 8
2193 8
2194 8
2195 8
2196 8
2197 8
2198 8
2199 9
2200 9
2201 9
2202 9
2203 9
2204 9
2205 9
2206 9
2207 9
2208 9
2209 9
2210 9
2211 9
2212 9
2213 9
2214 9
2215 9
2216 9
2217 9
2218 9
2219 9
2220 9
2221 9
2222 9
2223 9
2224 9
2225 9
2226 9
2227 9
2228 9
2229 9
2230 9
2231 9
2232 9
2233 9
2234 9
2235 9
2236 9
2237 9
2238 9
2239 9
2240 9
2241 9
2242 9
2243 9
2244 9
2245 9
2246 9
2247 9
2248 9
2249 9
2250 9
2251 9
2252 9
2253 9
2254 9
2255 9
2256 9
2257 9
2258 9
2259 9
2260 9
2261 9
2262 9
2263 9
2264 9
2265 9
2266 9
2267 9
2268 9
2269 9
2270 9
2271 9
2272 9
2273 9
2274 9
2275 9
2276 9
2277 9
2278 9
2279 9
2280 9
2281 9
2282 9
2283 9
2284 9
2285 9
2286 9
2287 9
2288 9
2289 9
2290 9
2291 9
2292 9
2293 9
2294 9
2295 9
2296 9
2297 9
2298 9
2299 9
2300 9
2301 9
2302 9
2303 9
2304 9
2305 9
2306 9
2307 9
2308 9
2309 9
2310 9
2311 9
2312 9
2313 9
2314 9
2315 9
2316 9
2317 9
2318 9
2319 9
2320 9
2321 9
2322 9
2323 9
2324 9
2325 9
2326 9
2327 9
2328 9
2329 9
2330 9
2331 9
2332 9
2333 9
2334 9
2335 9
2336 9
2337 9
2338 9
2339 9
2340 9
2341 9
2342 9
2343 9
2344 9
2345 9
2346 9
2347 9
2348 9
2349 9
2350 9
2351 9
2352 9
2353 9
2354 9
2355 9
2356 9
2357 9
2358 9
2359 9
2360 9
2361 9
2362 9
2363 9
2364 9
2365 9
2366 9
2367 9
2368 9
2369 9
2370 9
2371 9
2372 9
2373 9
2374 9
2375 9
2376 9
2377 9
2378 9
2379 9
2380 9
2381 9
2382 9
2383 9
2384 9
2385 9
2386 9
2387 9
2388 9
2389 9
2390 9
2391 9
2392 9
2393 9
2394 9
2395 9
2396 9
2397 9
2398 9
2399 9
2400 9
2401 9
2402 9
2403 9
2404 9
2405 9
2406 9
2407 9
2408 9
2409 9
2410 9
2411 9
2412 9
2413 9
2414 9
2415 9
2416 9
2417 9
2418 9
2419 9
2420 9
2421 9
2422 9
2423 9
2424 9
2425 9
2426 9
2427 9
2428 9
2429 9
2430 9
2431 9
2432 9
2433 9
2434 9
2435 9
2436 9
2437 9
2438 9
2439 9
2440 9
2441 9
2442 9
2443 9
2444 9
2445 9
2446 9
2447 9
2448 9
2449 9
2450 9
2451 9
2452 9
2453 9
2454 9
2455 9
2456 9
2457 9
2458 9
2459 9
2460 9
2461 9
2462 9
2463 9
2464 9
2465 9
2466 9
2467 9
2468 9
2469 9
2470 9
2471 9
2472 9
2473 9
2474 9
2475 9
2476 9
2477 9
2478 9
2479 9
2480 9
2481 9
2482 9
2483 9
2484 9
2485 9
2486 9
2487 9
2488 9
2489 9
2490 9
2491 9
2492 9
2493 9
2494 9
2495 9
2496 9
2497 9
2498 9
2499 9
2500 9
2501 9
2502 9
2503 9
2504 9
2505 9
2506 9
2507 9
2508 9
2509 9
2510 9
2511 9
2512 9
2513 9
2514 9
2515 9
2516 9
2517 9
2518 9
2519 9
2520 9
2521 9
2522 9
2523 9
2524 9
2525 9
2526 9
2527 9
2528 9
2529 9
2530 9
2531 9
2532 9
2533 9
2534 9
2535 9
2536 9
2537 9
2538 9
2539 9
2540 9
2541 9
2542 9
2543 9
2544 9
2545 9
2546 9
2547 9
2548 9
2549 9
2550 9
2551 9
2552 9
2553 9
2554 9
2555 9
2556 9
2557 9
2558 9
2559 9
2560 9
2561 9
2562 9
2563 9
2564 9
2565 9
2566 9
2567 9
2568 9
2569 9
2570 9
2571 9
2572 9
2573 9
2574 9
2575 9
2576 9
2577 9
2578 9
2579 9
2580 9
2581 9
2582 9
2583 9
2584 9
2585 9
2586 9
2587 9
2588 9
2589 9
2590 9
2591 9
2592 9
2593 9
2594 9
2595 9
2596 9
2597 9
2598 9
2599 9
2600 9
2601 9
2602 9
2603 9
2604 9
2605 9
2606 9
2607 9
2608 9
2609 9
2610 9
2611 9
2612 9
2613 9
2614 9
2615 9
2616 9
2617 9
2618 9
2619 9
2620 9
2621 9
2622 9
2623 9
2624 9
2625 9
2626 9
2627 9
2628 9
2629 9
2630 9
2631 9
2632 9
2633 9
2634 9
2635 9
2636 9
2637 9
2638 9
2639 9
2640 9
2641 9
2642 9
2643 9
2644 9
2645 9
2646 9
2647 9
2648 9
2649 9
2650 9
2651 9
2652 9
2653 9
2654 9
2655 9
2656 9
2657 9
2658 9
2659 9
2660 9
2661 9
2662 9
2663 9
2664 9
2665 9
2666 9
2667 9
2668 9
2669 9
2670 9
2671 9
2672 9
2673 9
2674 9
2675 9
2676 9
2677 9
2678 9
2679 9
2680 9
2681 9
2682 9
2683 9
2684 9
2685 9
2686 9
2687 9
2688 9
2689 9
2690 9
2691 9
2692 9
2693 9
2694 9
2695 9
2696 9
2697 9
2698 9
2699 9
2700 9
2701 9
2702 9
2703 9
2704 9
2705 9
2706 9
2707 9
2708 9
2709 9
2710 9
2711 9
2712 9
2713 9
2714 9
2715 9
2716 9
2717 9
2718 9
2719 9
2720 9
2721 9
2722 9
2723 9
2724 9
2725 9
2726 9
2727 9
2728 9
2729 9
2730 9
2731 9
2732 9
2733 9
2734 9
2735 9
2736 9
2737 9
2738 9
2739 9
2740 9
2741 9
2742 9
2743 9
2744 9
2745 9
2746 9
2747 9
2748 9
2749 9
2750 9
2751 9
2752 9
2753 9
2754 9
2755 9
2756 9
2757 9
2758 9
2759 9
2760 9
2761 9
2762 9
2763 9
2764 9
2765 9
2766 9
2767 9
2768 9
2769 9
2770 9
2771 9
2772 9
2773 9
2774 9
2775 9
2776 9
2777 9
2778 9
2779 9
2780 9
2781 9
2782 9
2783 9
2784 9
2785 9
2786 9
2787 9
2788 9
2789 9
2790 9
2791 9
2792 9
2793 9
2794 9
2795 9
2796 9
2797 9
2798 9
2799 9
2800 9
2801 9
2802 9
2803 9
2804 9
2805 9
2806 9
2807 9
2808 9
2809 9
2810 9
2811 9
2812 9
2813 9
2814 9
2815 9
2816 9
2817 9
2818 9
2819 9
2820 9
2821 9
2822 9
2823 9
2824 9
2825 9
2826 9
2827 9
2828 9
2829 9
2830 9
2831 9
2832 9
2833 9
2834 9
2835 9
2836 9
2837 9
2838 9
2839 9
2840 9
2841 9
2842 9
2843 9
2844 9
2845 9
2846 9
2847 9
2848 9
2849 9
2850 9
2851 9
2852 9
2853 9
2854 9
2855 9
2856 9
2857 9
2858 9
2859 9
2860 9
2861 9
2862 9
2863 9
2864 9
2865 9
2866 9
2867 9
2868 9
2869 9
2870 9
2871 9
2872 9
2873 9
2874 9
2875 9
2876 9
2877 9
2878 9
2879 9
2880 9
2881 9
2882 9
2883 9
2884 9
2885 9
2886 9
2887 9
2888 9
2889 9
2890 9
2891 9
2892 9
2893 9
2894 9
2895 9
2896 9
2897 9
2898 9
2899 9
2900 9
2901 9
2902 9
2903 9
2904 9
2905 9
2906 9
2907 9
2908 9
2909 9
2910 9
2911 9
2912 9
2913 9
2914 9
2915 9
2916 9
2917 9
2918 9
2919 9
2920 9
2921 9
2922 9
2923 9
2924 9
2925 9
2926 9
2927 9
2928 9
2929 9
2930 9
2931 9
2932 9
2933 9
2934 9
2935 9
2936 9
2937 9
2938 9
2939 9
2940 9
2941 9
2942 9
2943 9
2944 9
2945 9
2946 9
2947 9
2948 9
2949 9
2950 9
2951 9
2952 9
2953 9
2954 9
2955 9
2956 9
2957 9
2958 9
2959 9
2960 9
2961 9
2962 9
2963 9
2964 9
2965 9
2966 9
2967 9
2968 9
2969 9
2970 9
2971 9
2972 9
2973 9
2974 9
2975 9
2976 9
2977 9
2978 9
2979 9
2980 9
2981 9
2982 9
2983 9
2984 9
2985 9
2986 9
2987 9
2988 9
2989 9
2990 9
2991 9
2992 9
2993 9
2994 9
2995 9
2996 9
2997 9
2998 9
2999 9
3000 9
3001 9
3002 9
3003 9
3004 9
3005 9
3006 9
3007 9
3008 9
3009 9
3010 9
3011 9
3012 9
3013 9
3014 9
3015 9
3016 9
3017 9
3018 9
3019 9
3020 9
3021 9
3022 9
3023 9
3024 9
3025 9
3026 9
3027 9
3028 9
3029 9
3030 9
3031 9
3032 9
3033 9
3034 9
3035 9
3036 9
3037 9
3038 9
3039 9
3040 9
3041 9
3042 9
3043 9
3044 9
3045 9
3046 9
3047 9
3048 9
3049 9
3050 9
3051 9
3052 9
3053 9
3054 9
3055 9
3056 9
3057 9
3058 9
3059 9
3060 9
3061 9
3062 9
3063 9
3064 9
3065 9
3066 9
3067 9
3068 9
3069 9
3070 9
3071 9
3072 9
3073 9
3074 9
3075 9
3076 10
3077 10
3078 10
3079 10
3080 10
3081 10
3082 10
3083 10
3084 10
3085 10
3086 10
3087 10
3088 10
3089 10
3090 10
3091 10
3092 10
3093 10
3094 10
3095 10
3096 10
3097 10
3098 10
3099 10
3100 10
3101 10
3102 10
3103 10
3104 10
3105 10
3106 10
3107 10
3108 10
3109 10
3110 10
3111 10
3112 10
3113 10
3114 10
3115 10
3116 10
3117 10
3118 10
3119 10
3120 10
3121 10
3122 10
3123 10
3124 10
3125 10
3126 10
3127 10
3128 10
3129 10
3130 10
3131 10
3132 10
3133 10
3134 10
3135 10
3136 10
3137 10
3138 10
3139 10
3140 10
3141 10
3142 10
3143 10
3144 10
3145 10
3146 10
3147 10
3148 10
3149 10
3150 10
3151 10
3152 10
3153 10
3154 10
3155 10
3156 10
3157 10
3158 10
3159 10
3160 10
3161 10
3162 10
3163 10
3164 10
3165 10
3166 10
3167 10
3168 10
3169 10
3170 10
3171 10
3172 10
3173 10
3174 10
3175 10
3176 10
3177 10
3178 10
3179 10
3180 10
3181 10
3182 10
3183 10
3184 10
3185 10
3186 10
3187 10
3188 10
3189 10
3190 10
3191 10
3192 10
3193 10
3194 10
3195 10
3196 10
3197 10
3198 10
3199 10
3200 10
3201 10
3202 10
3203 10
3204 10
3205 10
3206 10
3207 10
3208 10
3209 10
3210 10
3211 10
3212 10
3213 10
3214 10
3215 10
3216 10
3217 10
3218 10
3219 10
3220 10
3221 10
3222 10
3223 10
3224 10
3225 10
3226 10
3227 10
3228 10
3229 10
3230 10
3231 10
3232 10
3233 10
3234 10
3235 10
3236 10
3237 10
3238 10
3239 10
3240 10
3241 10
3242 10
3243 10
3244 10
3245 10
3246 10
3247 10
3248 10
3249 10
3250 10
3251 10
3252 10
3253 10
3254 10
3255 10
3256 10
3257 10
3258 10
3259 10
3260 10
3261 10
3262 10
3263 10
3264 10
3265 10
3266 10
3267 10
3268 10
3269 10
3270 10
3271 10
3272 10
3273 10
3274 10
3275 10
3276 10
3277 10
3278 10
3279 10
3280 10
3281 10
3282 10
3283 10
3284 10
3285 10
3286 10
3287 10
3288 10
3289 10
3290 10
3291 10
3292 10
3293 10
3294 10
3295 10
3296 10
3297 10
3298 10
3299 10
3300 10
3301 10
3302 10
3303 10
3304 10
3305 10
3306 10
3307 10
3308 10
3309 10
3310 10
3311 10
3312 10
3313 10
3314 10
3315 10
3316 10
3317 10
3318 10
3319 10
3320 10
3321 10
3322 10
3323 10
3324 10
3325 10
3326 10
3327 10
3328 10
3329 10
3330 10
3331 10
3332 10
3333 10
3334 10
3335 10
3336 10
3337 10
3338 10
3339 10
3340 10
3341 10
3342 10
3343 10
3344 10
3345 10
3346 10
3347 10
3348 10
3349 10
3350 10
3351 10
3352 10
3353 10
3354 10
3355 10
3356 10
3357 10
3358 10
3359 10
3360 10
3361 10
3362 10
3363 10
3364 10
3365 10
3366 10
3367 10
3368 10
3369 10
3370 10
3371 10
3372 10
3373 10
3374 10
3375 10
3376 10
3377 10
3378 10
3379 10
3380 10
3381 10
3382 10
3383 10
3384 10
3385 10
3386 10
3387 11
3388 11
3389 11
3390 11
3391 11
3392 11
3393 11
3394 11
3395 11
3396 11
3397 11
3398 11
3399 11
3400 11
3401 11
3402 11
3403 11
3404 11
3405 11
3406 11
3407 11
3408 11
3409 11
3410 11
3411 11
3412 11
3413 11
3414 11
3415 11
3416 11
3417 11
3418 11
3419 11
3420 11
3421 11
3422 11
3423 11
3424 11
3425 11
3426 11
3427 11
3428 11
3429 11
3430 11
3431 11
3432 11
3433 11
3434 11
3435 11
3436 11
3437 11
3438 11
3439 11
3440 11
3441 11
3442 11
3443 11
3444 11
3445 11
3446 11
3447 11
3448 11
3449 11
3450 11
3451 11
3452 11
3453 11
3454 11
3455 11
3456 11
3457 11
3458 11
3459 11
3460 11
3461 11
3462 11
3463 11
3464 11
3465 11
3466 11
3467 11
3468 11
3469 11
3470 11
3471 11
3472 11
3473 11
3474 11
3475 11
3476 11
3477 11
3478 11
3479 11
3480 11
3481 11
3482 11
3483 11
3484 11
3485 11
3486 11
3487 11
3488 11
3489 11
3490 11
3491 11
3492 11
3493 11
3494 11
3495 11
3496 11
3497 11
3498 11
3499 11
3500 11
3501 11
3502 11
3503 11
3504 11
3505 11
3506 11
3507 11
3508 11
3509 11
3510 11
3511 11
3512 11
3513 11
3514 11
3515 11
3516 11
3517 11
3518 11
3519 11
3520 11
3521 11
3522 11
3523 11
3524 11
3525 11
3526 11
3527 11
3528 11
3529 11
3530 11
3531 11
3532 11
3533 11
3534 11
3535 11
3536 11
3537 11
3538 11
3539 11
3540 11
3541 11
3542 11
3543 11
3544 11
3545 11
3546 11
3547 11
3548 11
3549 11
3550 11
3551 11
3552 11
3553 11
3554 11
3555 11
3556 11
3557 11
3558 11
3559 11
3560 11
3561 11
3562 11
3563 11
3564 11
3565 11
3566 11
3567 11
3568 11
3569 11
3570 11
3571 11
3572 11
3573 11
3574 11
3575 11
3576 11
3577 11
3578 11
3579 11
3580 11
3581 11
3582 11
3583 11
3584 11
3585 11
3586 11
3587 11
3588 11
3589 11
3590 11
3591 11
3592 11
3593 11
3594 11
3595 11
3596 11
3597 11
3598 11
3599 11
3600 11
3601 11
3602 11
3603 11
3604 11
3605 11
3606 11
3607 11
3608 11
3609 11
3610 11
3611 11
3612 11
3613 11
3614 11
3615 11
3616 11
3617 11
3618 11
3619 11
3620 11
3621 11
3622 11
3623 11
3624 11
3625 11
3626 12
3627 12
3628 12
3629 12
3630 12
3631 12
3632 12
3633 12
3634 12
3635 12
3636 12
3637 12
3638 12
3639 12
3640 12
3641 12
3642 12
3643 12
3644 12
3645 12
3646 12
3647 12
3648 12
3649 12
3650 12
3651 12
3652 12
3653 12
3654 12
3655 12
3656 12
3657 12
3658 12
3659 12
3660 12
3661 12
3662 12
3663 12
3664 12
3665 12
3666 12
3667 12
3668 12
3669 12
3670 12
3671 12
3672 12
3673 12
3674 12
3675 12
3676 12
3677 12
3678 12
3679 12
3680 12
3681 12
3682 12
3683 12
3684 12
3685 12
3686 12
3687 12
3688 12
3689 12
3690 12
3691 12
3692 12
3693 12
3694 12
3695 12
3696 12
3697 12
3698 12
3699 12
3700 12
3701 12
3702 12
3703 12
3704 12
3705 12
3706 12
3707 12
3708 12
3709 12
3710 12
3711 12
3712 12
3713 12
3714 12
3715 12
3716 12
3717 12
3718 12
3719 12
3720 12
3721 12
3722 12
3723 12
3724 12
3725 12
3726 12
3727 12
3728 12
3729 12
3730 12
3731 12
3732 12
3733 12
3734 12
3735 12
3736 12
3737 12
3738 12
3739 12
3740 12
3741 12
3742 12
3743 12
3744 12
3745 12
3746 12
3747 12
3748 12
3749 12
3750 12
3751 12
3752 12
3753 12
3754 12
3755 12
3756 12
3757 12
3758 12
3759 12
3760 12
3761 12
3762 12
3763 12
3764 12
3765 12
3766 12
3767 12
3768 12
3769 12
3770 12
3771 12
3772 12
3773 12
3774 12
3775 12
3776 12
3777 12
3778 12
3779 12
3780 12
3781 12
3782 12
3783 12
3784 12
3785 12
3786 12
3787 12
3788 12
3789 12
3790 13
3791 13
3792 13
3793 13
3794 13
3795 13
3796 13
3797 13
3798 13
3799 13
3800 13
3801 13
3802 13
3803 13
3804 13
3805 13
3806 13
3807 13
3808 13
3809 13
3810 13
3811 13
3812 13
3813 13
3814 13
3815 13
3816 13
3817 13
3818 13
3819 13
3820 13
3821 13
3822 13
3823 13
3824 13
3825 13
3826 13
3827 13
3828 13
3829 13
3830 13
3831 13
3832 13
3833 13
3834 13
3835 13
3836 13
3837 13
3838 13
3839 13
3840 13
3841 13
3842 13
3843 13
3844 13
3845 13
3846 13
3847 13
3848 13
3849 13
3850 13
3851 13
3852 13
3853 13
3854 13
3855 13
3856 13
3857 13
3858 13
3859 13
3860 13
3861 13
3862 13
3863 13
3864 13
3865 13
3866 13
3867 13
3868 13
3869 13
3870 13
3871 13
3872 13
3873 13
3874 13
3875 13
3876 13
3877 13
3878 13
3879 13
3880 13
3881 13
3882 13
3883 13
3884 13
3885 13
3886 13
3887 13
3888 13
3889 13
3890 13
3891 13
3892 13
3893 13
3894 13
3895 13
3896 13
3897 13
3898 13
3899 13
3900 13
3901 13
3902 13
3903 13
3904 13
3905 13
3906 13
3907 13
3908 13
3909 13
3910 13
3911 13
3912 13
3913 13
3914 13
3915 13
3916 13
3917 13
3918 13
3919 13
3920 13
3921 13
3922 13
3923 13
3924 13
3925 13
3926 13
3927 13
3928 13
3929 13
3930 13
3931 13
3932 13
3933 13
3934 13
3935 13
3936 13
3937 13
3938 13
3939 13
3940 13
3941 13
3942 13
3943 13
3944 13
3945 13
3946 13
3947 13
3948 13
3949 13
3950 13
3951 13
3952 13
3953 13
3954 13
3955 13
3956 13
3957 13
3958 13
3959 13
3960 13
3961 14
3962 14
3963 14
3964 14
3965 14
3966 14
3967 14
3968 14
3969 14
3970 14
3971 14
3972 14
3973 14
3974 14
3975 14
3976 14
3977 14
3978 14
3979 14
3980 14
3981 14
3982 14
3983 14
3984 14
3985 14
3986 14
3987 14
3988 14
3989 14
3990 14
3991 14
3992 14
3993 14
3994 14
3995 14
3996 14
3997 14
3998 14
3999 14
4000 14
4001 14
4002 14
4003 14
4004 14
4005 14
4006 14
4007 14
4008 14
4009 14
4010 14
4011 14
4012 14
4013 14
4014 14
4015 14
4016 14
4017 14
4018 14
4019 14
4020 14
4021 14
4022 14
4023 14
4024 14
4025 14
4026 14
4027 14
4028 14
4029 14
4030 14
4031 14
4032 14
4033 14
4034 14
4035 14
4036 14
4037 14
4038 14
4039 14
4040 14
4041 14
4042 14
4043 14
4044 14
4045 14
4046 14
4047 14
4048 14
4049 14
4050 14
4051 14
4052 14
4053 14
4054 14
4055 14
4056 14
4057 14
4058 14
4059 14
4060 14
4061 14
4062 14
4063 14
4064 14
4065 14
4066 14
4067 14
4068 14
4069 14
4070 14
4071 14
4072 14
4073 14
4074 14
4075 14
4076 14
4077 14
4078 14
4079 14
4080 14
4081 15
4082 15
4083 15
4084 15
4085 15
4086 15
4087 15
4088 15
4089 15
4090 15
4091 15
4092 15
4093 15
4094 15
4095 15
4096 15
4097 15
4098 15
4099 15
4100 15
4101 15
4102 15
4103 15
4104 15
4105 15
4106 15
4107 15
4108 15
4109 15
4110 15
4111 15
4112 15
4113 15
4114 15
4115 15
4116 15
4117 15
4118 15
4119 15
4120 15
4121 15
4122 15
4123 15
4124 15
4125 15
4126 15
4127 15
4128 15
4129 15
4130 15
4131 15
4132 15
4133 15
4134 15
4135 15
4136 15
4137 15
4138 15
4139 15
4140 15
4141 15
4142 15
4143 15
4144 15
4145 15
4146 15
4147 15
4148 15
4149 15
4150 15
4151 15
4152 15
4153 15
4154 15
4155 15
4156 15
4157 15
4158 15
4159 15
4160 15
4161 15
4162 15
4163 15
4164 15
4165 15
4166 15
4167 15
4168 15
4169 15
4170 15
4171 15
4172 15
4173 15
4174 15
4175 15
4176 15
4177 15
4178 15
4179 15
4180 15
4181 15
4182 15
4183 15
4184 15
4185 15
4186 15
4187 15
4188 15
4189 15
4190 15
4191 15
4192 15
4193 15
4194 15
4195 15
4196 15
4197 15
4198 15
4199 15
4200 15
4201 15
4202 15
4203 15
4204 15
4205 15
4206 15
4207 15
4208 15
4209 15
4210 15
4211 15
4212 15
4213 15
4214 15
4215 15
4216 15
4217 15
4218 15
4219 15
4220 15
4221 15
4222 15
4223 15
4224 15
4225 15
4226 15
4227 15
4228 15
4229 15
4230 15
4231 15
4232 15
4233 15
4234 15
4235 15
4236 15
4237 15
4238 15
4239 15
4240 15
4241 15
4242 15
4243 15
4244 15
4245 15
4246 15
4247 15
4248 15
4249 15
4250 15
4251 15
4252 15
4253 15
4254 15
4255 15
4256 15
4257 15
4258 15
4259 15
4260 15
4261 15
4262 15
4263 15
4264 15
4265 15
4266 15
4267 15
4268 15
4269 15
4270 15
4271 15
4272 15
4273 15
4274 15
4275 15
4276 15
4277 15
4278 15
4279 15
4280 15
4281 15
4282 15
4283 15
4284 15
4285 15
4286 15
4287 15
4288 15
4289 15
4290 15
4291 15
4292 15
4293 15
4294 15
4295 15
4296 15
4297 15
4298 15
4299 15
4300 15
4301 15
4302 15
4303 15
4304 15
4305 15
4306 15
4307 15
4308 15
4309 15
4310 15
4311 15
4312 15
4313 15
4314 15
4315 15
4316 15
4317 15
4318 15
4319 15
4320 15
4321 15
4322 15
4323 15
4324 15
4325 15
4326 15
4327 15
4328 15
4329 15
4330 15
4331 15
4332 15
4333 15
4334 15
4335 15
4336 15
4337 15
4338 15
4339 15
4340 15
4341 15
4342 15
4343 15
4344 15
4345 15
4346 15
4347 15
4348 15
4349 15
4350 15
4351 15
4352 15
4353 15
4354 15
4355 15
4356 15
4357 15
4358 15
4359 15
4360 15
4361 15
4362 15
4363 15
4364 15
4365 15
4366 15
4367 15
4368 15
4369 15
4370 15
4371 15
4372 15
4373 15
4374 15
4375 15
4376 15
4377 15
4378 15
4379 15
4380 15
4381 15
4382 15
4383 15
4384 15
4385 15
4386 15
4387 15
4388 15
4389 15
4390 15
4391 15
4392 15
4393 15
4394 15
4395 15
4396 15
4397 15
4398 15
4399 15
4400 15
4401 15
4402 15
4403 15
4404 15
4405 15
4406 15
4407 15
4408 15
4409 16
4410 16
4411 16
4412 16
4413 16
4414 16
4415 16
4416 16
4417 16
4418 16
4419 16
4420 16
4421 16
4422 16
4423 16
4424 16
4425 16
4426 16
4427 16
4428 16
4429 16
4430 16
4431 16
4432 16
4433 16
4434 16
4435 16
4436 16
4437 16
4438 16
4439 16
4440 16
4441 16
4442 16
4443 16
4444 16
4445 16
4446 16
4447 16
4448 16
4449 16
4450 16
4451 16
4452 16
4453 16
4454 16
4455 16
4456 16
4457 16
4458 16
4459 16
4460 16
4461 16
4462 16
4463 16
4464 16
4465 16
4466 16
4467 16
4468 17
4469 17
4470 17
4471 17
4472 17
4473 17
4474 17
4475 17
4476 17
4477 17
4478 17
4479 17
4480 17
4481 17
4482 17
4483 17
4484 17
4485 17
4486 17
4487 17
4488 17
4489 17
4490 17
4491 17
4492 17
4493 17
4494 17
4495 17
4496 17
4497 17
4498 17
4499 17
4500 17
4501 17
4502 17
4503 17
4504 17
4505 17
4506 17
4507 17
4508 17
4509 17
4510 17
4511 17
4512 17
4513 17
4514 17
4515 17
4516 17
4517 18
4518 18
4519 18
4520 18
4521 18
4522 18
4523 18
4524 18
4525 18
4526 18
4527 18
4528 18
4529 18
4530 18
4531 18
4532 18
4533 18
4534 18
4535 18
4536 18
4537 18
4538 18
4539 18
4540 18
4541 18
4542 18
4543 18
4544 18
4545 18
4546 18
4547 18
4548 18
4549 18
4550 18
4551 18
4552 18
4553 18
4554 18
4555 18
4556 18
4557 18
4558 18
4559 18
4560 18
4561 18
4562 18
4563 18
4564 18
4565 18
4566 18
4567 18
4568 18
4569 18
4570 18
4571 18
4572 18
4573 18
4574 18
4575 18
4576 18
4577 18
4578 18
4579 18
4580 18
4581 18
4582 18
4583 18
4584 18
4585 18
4586 18
4587 18
4588 18
4589 18
4590 19
4591 19
4592 19
4593 19
4594 19
4595 19
4596 19
4597 19
4598 19
4599 19
4600 19
4601 19
4602 19
4603 19
4604 19
4605 19
4606 19
4607 19
4608 19
4609 19
4610 19
4611 19
4612 19
4613 19
4614 19
4615 19
4616 19
4617 19
4618 19
4619 19
4620 19
4621 19
4622 19
4623 19
4624 19
4625 19
4626 19
4627 19
4628 19
4629 19
4630 19
4631 19
4632 19
4633 19
4634 19
4635 19
4636 19
4637 19
4638 19
4639 19
4640 19
4641 19
4642 19
4643 19
4644 19
4645 19
4646 19
4647 19
4648 19
4649 19
4650 19
4651 19
4652 19
4653 19
4654 19
4655 19
4656 19
4657 19
4658 19
4659 19
4660 19
4661 19
4662 19
4663 19
4664 19
4665 19
4666 19
4667 19
4668 19
4669 19
4670 19
4671 19
4672 19
4673 19
4674 19
4675 19
4676 19
4677 19
4678 19
4679 19
4680 19
4681 19
4682 19
4683 19
4684 19
4685 19
4686 19
4687 19
4688 19
4689 19
4690 19
4691 19
4692 19
4693 19
4694 19
4695 19
4696 19
4697 19
4698 19
4699 19
4700 19
4701 19
4702 19
4703 19
4704 19
4705 19
4706 19
4707 19
4708 19
4709 19
4710 19
4711 19
4712 19
4713 19
4714 19
4715 19
4716 19
4717 19
4718 19
4719 19
4720 19
4721 19
4722 19
4723 19
4724 19
4725 19
4726 19
4727 19
4728 19
4729 19
4730 19
4731 19
4732 19
4733 19
4734 19
4735 19
4736 19
4737 19
4738 19
4739 19
4740 19
4741 19
4742 19
4743 19
4744 19
4745 19
4746 19
4747 19
4748 19
4749 19
4750 19
4751 19
4752 19
4753 19
4754 19
4755 19
4756 19
4757 19
4758 19
4759 19
4760 19
4761 19
4762 19
4763 19
4764 19
4765 19
4766 19
4767 19
4768 19
4769 19
4770 19
4771 19
4772 19
4773 19
4774 19
4775 19
4776 19
4777 19
4778 19
4779 19
4780 19
4781 19
4782 19
4783 20
4784 20
4785 20
4786 20
4787 20
4788 20
4789 20
4790 20
4791 20
4792 20
4793 20
4794 20
4795 20
4796 20
4797 20
4798 20
4799 20
4800 20
4801 20
4802 20
4803 20
4804 20
4805 20
4806 20
4807 20
4808 20
4809 20
4810 20
4811 20
4812 20
4813 20
4814 20
4815 20
4816 20
4817 20
4818 20
4819 20
4820 20
4821 20
4822 20
4823 20
4824 20
4825 20
4826 20
4827 20
4828 20
4829 20
4830 20
4831 20
4832 20
4833 20
4834 20
4835 20
4836 20
4837 20
4838 20
4839 20
4840 20
4841 20
4842 20
4843 20
4844 20
4845 20
4846 20
4847 20
4848 20
4849 20
4850 20
4851 20
4852 20
4853 20
4854 20
4855 20
4856 20
4857 20
4858 20
4859 20
4860 20
4861 20
4862 20
4863 20
4864 20
4865 20
4866 20
4867 20
4868 20
4869 20
4870 20
4871 20
4872 20
4873 20
4874 20
4875 20
4876 20
4877 20
4878 20
4879 20
4880 20
4881 20
4882 20
4883 20
4884 20
4885 20
4886 20
4887 20
4888 20
4889 20
4890 20
4891 20
4892 20
4893 20
4894 20
4895 20
4896 20
4897 20
4898 20
4899 20
4900 20
4901 20
4902 20
4903 20
4904 20
4905 20
4906 20
4907 20
4908 20
4909 20
4910 20
4911 20
4912 20
4913 20
4914 20
4915 20
4916 20
4917 20
4918 20
4919 20
4920 20
4921 20
4922 21
4923 21
4924 21
4925 21
4926 21
4927 21
4928 21
4929 21
4930 21
4931 21
4932 21
4933 21
4934 21
4935 21
4936 21
4937 21
4938 21
4939 21
4940 21
4941 21
4942 21
4943 21
4944 21
4945 21
4946 21
4947 21
4948 21
4949 21
4950 21
4951 21
4952 21
4953 21
4954 21
4955 21
4956 21
4957 21
4958 21
4959 21
4960 21
4961 21
4962 21
4963 21
4964 21
4965 21
4966 21
4967 21
4968 21
4969 21
4970 21
4971 21
4972 21
4973 21
4974 21
4975 21
4976 21
4977 21
4978 21
4979 21
4980 21
4981 21
4982 21
4983 21
4984 21
4985 21
4986 21
4987 21
4988 21
4989 21
4990 21
4991 21
4992 21
4993 21
4994 21
4995 21
4996 21
4997 21
4998 21
4999 21
5000 21
5001 21
5002 21
5003 21
5004 21
5005 21
5006 21
5007 21
5008 21
5009 21
5010 21
5011 21
5012 21
5013 21
5014 21
5015 21
5016 21
5017 21
5018 21
5019 21
5020 21
5021 21
5022 21
5023 21
5024 21
5025 21
5026 21
5027 21
5028 21
5029 21
5030 21
5031 21
5032 21
5033 21
5034 21
5035 21
5036 21
5037 21
5038 21
5039 21
5040 21
5041 21
5042 21
5043 21
5044 21
5045 21
5046 21
5047 21
5048 21
5049 21
5050 21
5051 21
5052 21
5053 21
5054 21
5055 21
5056 21
5057 21
5058 21
5059 21
5060 21
5061 21
5062 21
5063 22
5064 22
5065 22
5066 22
5067 22
5068 22
5069 22
5070 22
5071 22
5072 22
5073 22
5074 22
5075 22
5076 22
5077 22
5078 22
5079 22
5080 22
5081 22
5082 22
5083 22
5084 22
5085 22
5086 22
5087 22
5088 22
5089 22
5090 22
5091 22
5092 22
5093 22
5094 22
5095 22
5096 22
5097 22
5098 22
5099 22
5100 22
5101 22
5102 22
5103 22
5104 22
5105 22
5106 22
5107 22
5108 22
5109 22
5110 22
5111 22
5112 22
5113 22
5114 22
5115 22
5116 22
5117 22
5118 22
5119 22
5120 22
5121 22
5122 22
5123 22
5124 22
5125 22
5126 22
5127 22
5128 22
5129 22
5130 22
5131 22
5132 22
5133 22
5134 22
5135 22
5136 22
5137 22
5138 22
5139 22
5140 22
5141 22
5142 22
5143 22
5144 22
5145 22
5146 22
5147 22
5148 22
5149 22
5150 23
5151 23
5152 23
5153 23
5154 23
5155 23
5156 23
5157 23
5158 23
5159 23
5160 23
5161 23
5162 23
5163 23
5164 23
5165 23
5166 23
5167 23
5168 23
5169 23
5170 23
5171 23
5172 23
5173 23
5174 23
5175 23
5176 23
5177 23
5178 23
5179 23
5180 23
5181 23
5182 23
5183 23
5184 23
5185 23
5186 23
5187 23
5188 23
5189 23
5190 23
5191 23
5192 23
5193 23
5194 23
5195 23
5196 23
5197 23
5198 23
5199 23
5200 23
5201 23
5202 23
5203 23
5204 23
5205 23
5206 23
5207 23
5208 23
5209 23
5210 23
5211 23
5212 23
5213 23
5214 23
5215 23
5216 23
5217 23
5218 23
5219 23
5220 23
5221 23
5222 23
5223 23
5224 23
5225 23
5226 23
5227 23
5228 23
5229 23
5230 23
5231 24
5232 24
5233 24
5234 24
5235 24
5236 24
5237 24
5238 24
5239 24
5240 24
5241 24
5242 24
5243 24
5244 24
5245 24
5246 24
5247 24
5248 24
5249 24
5250 24
5251 24
5252 24
5253 24
5254 24
5255 24
5256 24
5257 24
5258 24
5259 24
5260 24
5261 24
5262 24
5263 24
5264 24
5265 24
5266 24
5267 24
5268 24
5269 24
5270 24
5271 24
5272 24
5273 24
5274 24
5275 24
5276 24
5277 24
5278 24
5279 24
5280 24
5281 24
5282 24
5283 24
5284 24
5285 24
5286 25
5287 25
5288 25
5289 25
5290 25
5291 25
5292 25
5293 25
5294 25
5295 25
5296 25
5297 25
5298 25
5299 25
5300 25
5301 25
5302 25
5303 25
5304 25
5305 25
5306 25
5307 25
5308 25
5309 25
5310 25
5311 25
5312 25
5313 25
5314 25
5315 25
5316 25
5317 25
5318 25
5319 25
5320 25
5321 25
5322 25
5323 25
5324 25
5325 25
5326 25
5327 25
5328 25
5329 25
5330 25
5331 25
5332 25
5333 25
5334 25
5335 25
5336 25
5337 25
5338 25
5339 25
5340 25
5341 25
5342 25
5343 25
5344 25
5345 25
5346 25
5347 25
5348 25
5349 25
5350 25
5351 25
5352 25
5353 25
5354 25
5355 25
5356 25
5357 25
5358 25
5359 25
5360 25
5361 25
5362 25
5363 25
5364 25
5365 25
5366 25
5367 25
5368 25
5369 25
5370 25
5371 25
5372 25
5373 25
5374 25
5375 25
5376 25
5377 25
5378 25
5379 25
5380 25
5381 25
5382 25
5383 25
5384 25
5385 25
5386 25
5387 25
5388 25
5389 25
5390 25
5391 25
5392 25
5393 25
5394 25
5395 25
5396 25
5397 25
5398 25
5399 25
5400 25
5401 25
5402 25
5403 25
5404 25
5405 26
5406 26
5407 26
5408 26
5409 26
5410 26
5411 26
5412 26
5413 26
5414 26
5415 26
5416 26
5417 26
5418 26
5419 26
5420 26
5421 26
5422 26
5423 26
5424 26
5425 26
5426 26
5427 26
5428 26
5429 26
5430 26
5431 26
5432 26
5433 26
5434 26
5435 26
5436 27
5437 27
5438 27
5439 27
5440 27
5441 27
5442 27
5443 27
5444 27
5445 27
5446 27
5447 27
5448 27
5449 27
5450 27
5451 27
5452 27
5453 27
5454 27
5455 27
5456 27
5457 27
5458 27
5459 27
5460 27
5461 27
5462 27
5463 27
5464 27
5465 27
5466 27
5467 27
5468 27
5469 27
5470 27
5471 27
5472 27
5473 27
5474 27
5475 27
5476 27
5477 27
5478 27
5479 27
5480 27
5481 27
5482 27
5483 27
5484 27
5485 27
5486 27
5487 27
5488 27
5489 27
5490 27
5491 27
5492 27
5493 27
5494 27
5495 27
5496 27
5497 27
5498 27
5499 27
5500 27
5501 27
5502 27
5503 27
5504 27
5505 27
5506 27
5507 27
5508 27
5509 27
5510 27
5511 27
5512 27
5513 27
5514 27
5515 27
5516 27
5517 27
5518 27
5519 27
5520 27
5521 27
5522 27
5523 27
5524 27
5525 27
5526 27
5527 27
5528 27
5529 27
5530 27
5531 27
5532 27
5533 27
5534 27
5535 27
5536 27
5537 27
5538 27
5539 27
5540 27
5541 27
5542 27
5543 27
5544 27
5545 27
5546 27
5547 27
5548 27
5549 27
5550 27
5551 27
5552 27
5553 27
5554 27
5555 27
5556 27
5557 27
5558 27
5559 27
5560 27
5561 27
5562 27
5563 27
5564 27
5565 27
5566 27
5567 27
5568 27
5569 27
5570 27
5571 27
5572 27
5573 27
5574 27
5575 27
5576 27
5577 27
5578 27
5579 27
5580 27
5581 27
5582 27
5583 27
5584 27
5585 27
5586 27
5587 27
5588 27
5589 27
5590 27
5591 27
5592 27
5593 27
5594 27
5595 27
5596 27
5597 27
5598 27
5599 27
5600 27
5601 27
5602 27
5603 27
5604 27
5605 27
5606 27
5607 27
5608 27
5609 27
5610 27
5611 27
5612 27
5613 27
5614 27
5615 27
5616 27
5617 27
5618 27
5619 27
5620 27
5621 27
5622 27
5623 27
5624 27
5625 27
5626 27
5627 27
5628 27
5629 27
5630 27
5631 27
5632 27
5633 27
5634 27
5635 27
5636 27
5637 27
5638 27
5639 27
5640 27
5641 27
5642 27
5643 27
5644 27
5645 27
5646 27
5647 27
5648 27
5649 27
5650 27
5651 27
5652 27
5653 27
5654 27
5655 27
5656 27
5657 27
5658 27
5659 27
5660 27
5661 27
5662 27
5663 27
5664 27
5665 27
5666 27
5667 27
5668 27
5669 27
5670 27
5671 27
5672 27
5673 27
5674 27
5675 27
5676 27
5677 27
5678 27
5679 27
5680 27
5681 27
5682 27
5683 27
5684 27
5685 27
5686 27
5687 27
5688 27
5689 27
5690 27
5691 27
5692 27
5693 27
5694 27
5695 28
5696 28
5697 28
5698 28
5699 28
5700 28
5701 28
5702 28
5703 28
5704 28
5705 28
5706 28
5707 28
5708 28
5709 28
5710 28
5711 28
5712 28
5713 28
5714 28
5715 28
5716 28
5717 28
5718 28
5719 28
5720 28
5721 28
5722 28
5723 28
5724 28
5725 28
5726 28
5727 28
5728 28
5729 28
5730 28
5731 28
5732 28
5733 28
5734 28
5735 28
5736 28
5737 28
5738 29
5739 29
5740 29
5741 29
5742 29
5743 29
5744 29
5745 29
5746 29
5747 29
5748 29
5749 29
5750 29
5751 29
5752 29
5753 29
5754 29
5755 29
5756 29
5757 29
5758 29
5759 29
5760 29
5761 29
5762 29
5763 29
5764 29
5765 29
5766 29
5767 29
5768 29
5769 29
5770 29
5771 29
5772 29
5773 29
5774 29
5775 29
5776 29
5777 29
5778 29
5779 29
5780 29
5781 29
5782 29
5783 29
5784 29
5785 29
5786 29
5787 29
5788 29
5789 29
5790 29
5791 29
5792 29
5793 29
5794 29
5795 29
5796 29
5797 29
5798 29
5799 29
5800 29
5801 29
5802 29
5803 29
5804 29
5805 29
5806 29
5807 29
5808 30
5809 30
5810 30
5811 30
5812 30
5813 30
5814 30
5815 30
5816 30
5817 30
5818 30
5819 30
5820 30
5821 30
5822 30
5823 30
5824 30
5825 30
5826 30
5827 30
5828 30
5829 30
5830 30
5831 30
5832 30
5833 30
5834 30
5835 30
5836 30
5837 30
5838 30
5839 30
5840 30
5841 30
5842 30
5843 30
5844 30
5845 30
5846 30
5847 30
5848 30
5849 30
5850 30
5851 30
5852 30
5853 30
5854 30
5855 30
5856 30
5857 30
5858 30
5859 30
5860 30
5861 30
5862 30
5863 30
5864 30
5865 30
5866 30
5867 30
5868 30
5869 30
5870 30
5871 30
5872 30
5873 30
5874 30
5875 30
5876 30
5877 30
5878 30
5879 30
5880 30
5881 30
5882 30
5883 30
5884 30
5885 30
5886 30
5887 30
5888 30
5889 30
5890 30
5891 30
5892 30
5893 30
5894 30
5895 30
5896 30
5897 30
5898 30
5899 30
5900 30
5901 30
5902 30
5903 30
5904 30
5905 30
5906 30
5907 30
5908 30
5909 30
5910 30
5911 30
5912 30
5913 30
5914 30
5915 30
5916 30
5917 30
5918 30
5919 30
5920 30
5921 30
5922 30
5923 30
5924 30
5925 30
5926 30
5927 30
5928 30
5929 30
5930 30
5931 30
5932 30
5933 30
5934 30
5935 30
5936 30
5937 30
5938 30
5939 30
5940 30
5941 30
5942 30
5943 30
5944 30
5945 30
5946 30
5947 30
5948 30
5949 30
5950 30
5951 30
5952 30
5953 30
5954 30
5955 30
5956 30
5957 30
5958 30
5959 30
5960 30
5961 30
5962 30
5963 30
5964 30
5965 30
5966 30
5967 30
5968 30
5969 30
5970 30
5971 30
5972 30
5973 30
5974 30
5975 30
5976 30
5977 30
5978 30
5979 30
5980 30
5981 30
5982 30
5983 30
5984 30
5985 30
5986 30
5987 30
5988 30
5989 30
5990 30
5991 30
5992 30
5993 30
5994 30
5995 30
5996 30
5997 30
5998 30
5999 30
6000 30
6001 30
6002 30
6003 30
6004 30
6005 30
6006 30
6007 30
6008 30
6009 30
6010 30
6011 30
6012 30
6013 30
6014 30
6015 30
6016 30
6017 30
6018 30
6019 30
6020 30
6021 30
6022 30
6023 30
6024 30
6025 30
6026 30
6027 30
6028 30
6029 30
6030 30
6031 30
6032 30
6033 30
6034 30
6035 30
6036 30
6037 30
6038 30
6039 30
6040 30
6041 30
6042 30
6043 30
6044 30
6045 30
6046 30
6047 30
6048 30
6049 30
6050 30
6051 30
6052 30
6053 30
6054 30
6055 30
6056 30
6057 30
6058 30
6059 30
6060 30
6061 30
6062 30
6063 30
6064 30
6065 30
6066 30
6067 30
6068 30
6069 30
6070 31
6071 31
6072 31
6073 31
6074 31
6075 31
6076 31
6077 31
6078 31
6079 31
6080 31
6081 31
6082 31
6083 31
6084 31
6085 31
6086 31
6087 31
6088 31
6089 31
6090 31
6091 31
6092 31
6093 31
6094 31
6095 31
6096 31
6097 31
6098 31
6099 31
6100 31
6101 31
6102 31
6103 31
6104 31
6105 31
6106 31
6107 31
6108 31
6109 31
6110 31
6111 31
6112 31
6113 31
6114 31
6115 31
6116 31
6117 31
6118 31
6119 31
6120 31
6121 31
6122 31
6123 31
6124 31
6125 31
6126 31
6127 31
6128 31
6129 31
6130 31
6131 31
6132 31
6133 31
6134 31
6135 31
6136 31
6137 31
6138 31
6139 31
6140 31
6141 31
6142 31
6143 31
6144 31
6145 31
6146 31
6147 31
6148 31
6149 31
6150 31
6151 31
6152 31
6153 31
6154 31
6155 31
6156 31
6157 31
6158 31
6159 31
6160 31
6161 31
6162 31
6163 31
6164 31
6165 31
6166 31
6167 31
6168 31
6169 31
6170 31
6171 31
6172 31
6173 31
6174 31
6175 31
6176 31
6177 31
6178 31
6179 31
6180 31
6181 31
6182 31
6183 31
6184 31
6185 31
6186 31
6187 31
6188 31
6189 31
6190 31
6191 31
6192 31
6193 31
6194 31
6195 31
6196 31
6197 31
6198 31
6199 31
6200 31
6201 31
6202 31
6203 31
6204 31
6205 31
6206 31
6207 31
6208 31
6209 31
6210 31
6211 31
6212 31
6213 32
6214 32
6215 32
6216 32
6217 32
6218 32
6219 32
6220 32
6221 32
6222 32
6223 32
6224 32
6225 32
6226 32
6227 32
6228 32
6229 32
6230 32
6231 32
6232 32
6233 32
6234 32
6235 32
6236 32
6237 32
6238 32
6239 32
6240 32
6241 32
6242 32
6243 32
6244 32
6245 32
6246 32
6247 32
6248 32
6249 32
6250 32
6251 32
6252 32
6253 32
6254 32
6255 32
6256 32
6257 32
6258 32
6259 32
6260 32
6261 32
6262 32
6263 32
6264 32
6265 32
6266 32
6267 32
6268 32
6269 32
6270 32
6271 32
6272 32
6273 32
6274 32
6275 32
6276 32
6277 32
6278 32
6279 32
6280 32
6281 32
6282 32
6283 32
6284 32
6285 32
6286 32
6287 32
6288 32
6289 32
6290 32
6291 32
6292 32
6293 32
6294 32
6295 32
6296 32
6297 32
6298 32
6299 32
6300 32
6301 32
6302 32
6303 32
6304 32
6305 32
6306 32
6307 32
6308 32
6309 32
6310 32
6311 32
6312 32
6313 32
6314 32
6315 32
6316 32
6317 32
6318 32
6319 32
6320 32
6321 32
6322 33
6323 33
6324 33
6325 33
6326 33
6327 33
6328 33
6329 33
6330 33
6331 33
6332 33
6333 33
6334 33
6335 33
6336 33
6337 33
6338 33
6339 33
6340 33
6341 33
6342 33
6343 33
6344 33
6345 33
6346 33
6347 33
6348 33
6349 33
6350 33
6351 33
6352 33
6353 33
6354 33
6355 33
6356 33
6357 33
6358 33
6359 33
6360 33
6361 33
6362 33
6363 33
6364 33
6365 33
6366 33
6367 33
6368 33
6369 33
6370 33
6371 33
6372 33
6373 33
6374 33
6375 33
6376 33
6377 33
6378 33
6379 33
6380 33
6381 33
6382 33
6383 33
6384 33
6385 33
6386 33
6387 33
6388 33
6389 33
6390 33
6391 33
6392 33
6393 33
6394 33
6395 33
6396 33
6397 33
6398 33
6399 33
6400 33
6401 33
6402 33
6403 33
6404 33
6405 33
6406 33
6407 33
6408 33
6409 33
6410 34
6411 34
6412 34
6413 34
6414 34
6415 34
6416 34
6417 34
6418 34
6419 34
6420 34
6421 34
6422 34
6423 34
6424 34
6425 34
6426 34
6427 34
6428 34
6429 34
6430 34
6431 34
6432 34
6433 34
6434 34
6435 34
6436 34
6437 34
6438 34
6439 34
6440 34
6441 34
6442 34
6443 34
6444 34
6445 34
6446 34
6447 34
6448 34
6449 34
6450 34
6451 34
6452 34
6453 34
6454 34
6455 34
6456 34
6457 34
6458 34
6459 34
6460 34
6461 34
6462 34
6463 34
6464 34
6465 34
6466 34
6467 34
6468 34
6469 34
6470 34
6471 34
6472 34
6473 34
6474 34
6475 34
6476 34
6477 34
6478 34
6479 34
6480 34
6481 34
6482 34
6483 34
6484 34
6485 34
6486 34
6487 34
6488 34
6489 34
6490 34
6491 34
6492 34
6493 34
6494 34
6495 34
6496 34
6497 34
6498 34
6499 34
6500 34
6501 34
6502 34
6503 34
6504 34
6505 34
6506 34
6507 34
6508 34
6509 34
6510 34
6511 34
6512 34
6513 34
6514 34
6515 34
6516 34
6517 34
6518 34
6519 34
6520 34
6521 34
6522 34
6523 34
6524 34
6525 34
6526 34
6527 34
6528 34
6529 34
6530 34
6531 34
6532 34
6533 34
6534 34
6535 34
6536 34
6537 34
6538 34
6539 34
6540 34
6541 34
6542 34
6543 34
6544 34
6545 34
6546 34
6547 34
6548 34
6549 34
6550 34
6551 34
6552 34
6553 34
6554 34
6555 34
6556 34
6557 34
6558 34
6559 34
6560 34
6561 34
6562 34
6563 34
6564 34
6565 34
6566 34
6567 34
6568 34
6569 34
6570 34
6571 34
6572 34
6573 34
6574 34
6575 34
6576 34
6577 34
6578 34
6579 34
6580 34
6581 34
6582 34
6583 34
6584 34
6585 34
6586 34
6587 34
6588 34
6589 34
6590 34
6591 35
6592 35
6593 35
6594 35
6595 35
6596 35
6597 35
6598 35
6599 35
6600 35
6601 35
6602 35
6603 35
6604 35
6605 35
6606 35
6607 35
6608 35
6609 35
6610 35
6611 35
6612 35
6613 35
6614 35
6615 35
6616 35
6617 35
6618 35
6619 35
6620 35
6621 35
6622 35
6623 35
6624 35
6625 35
6626 35
6627 35
6628 35
6629 35
6630 35
6631 35
6632 35
6633 35
6634 35
6635 35
6636 35
6637 35
6638 35
6639 35
6640 35
6641 35
6642 35
6643 35
6644 35
6645 35
6646 35
6647 35
6648 35
6649 35
6650 35
6651 35
6652 35
6653 35
6654 35
6655 35
6656 35
6657 35
6658 35
6659 35
6660 35
6661 35
6662 35
6663 35
6664 35
6665 35
6666 35
6667 35
6668 35
6669 35
6670 35
6671 35
6672 35
6673 35
6674 35
6675 35
6676 35
6677 35
6678 35
6679 35
6680 35
6681 36
6682 36
6683 36
6684 36
6685 36
6686 36
6687 36
6688 36
6689 36
6690 36
6691 36
6692 36
6693 36
6694 36
6695 36
6696 36
6697 36
6698 36
6699 36
6700 36
6701 36
6702 36
6703 36
6704 36
6705 36
6706 36
6707 36
6708 36
6709 36
6710 36
6711 36
6712 36
6713 36
6714 36
6715 36
6716 36
6717 36
6718 36
6719 36
6720 36
6721 36
6722 36
6723 36
6724 36
6725 36
6726 36
6727 36
6728 36
6729 36
6730 36
6731 36
6732 36
6733 36
6734 36
6735 36
6736 36
6737 36
6738 36
6739 36
6740 36
6741 36
6742 36
6743 36
6744 36
6745 36
6746 36
6747 36
6748 36
6749 36
6750 36
6751 36
6752 36
6753 36
6754 36
6755 36
6756 36
6757 36
6758 36
6759 36
6760 36
6761 36
6762 36
6763 36
6764 36
6765 36
6766 36
6767 36
6768 36
6769 36
6770 36
6771 36
6772 37
6773 37
6774 37
6775 37
6776 37
6777 37
6778 37
6779 37
6780 37
6781 37
6782 37
6783 37
6784 37
6785 37
6786 37
6787 37
6788 37
6789 37
6790 37
6791 37
6792 37
6793 37
6794 37
6795 37
6796 37
6797 37
6798 37
6799 37
6800 37
6801 37
6802 37
6803 37
6804 37
6805 37
6806 37
6807 37
6808 37
6809 37
6810 37
6811 37
6812 37
6813 37
6814 37
6815 37
6816 37
6817 37
6818 37
6819 37
6820 37
6821 37
6822 37
6823 37
6824 37
6825 37
6826 37
6827 37
6828 37
6829 37
6830 37
6831 37
6832 37
6833 37
6834 37
6835 37
6836 37
6837 37
6838 37
6839 37
6840 37
6841 37
6842 37
6843 37
6844 37
6845 37
6846 37
6847 37
6848 37
6849 37
6850 37
6851 37
6852 37
6853 37
6854 37
6855 37
6856 37
6857 37
6858 37
6859 37
6860 37
6861 37
6862 37
6863 37
6864 37
6865 37
6866 37
6867 37
6868 37
6869 37
6870 37
6871 37
6872 37
6873 37
6874 37
6875 37
6876 37
6877 37
6878 37
6879 37
6880 37
6881 37
6882 37
6883 37
6884 37
6885 37
6886 37
6887 37
6888 37
6889 37
6890 37
6891 37
6892 37
6893 37
6894 37
6895 37
6896 37
6897 37
6898 37
6899 37
6900 37
6901 37
6902 37
6903 37
6904 37
6905 37
6906 37
6907 37
6908 37
6909 38
6910 38
6911 38
6912 38
6913 38
6914 38
6915 38
6916 38
6917 38
6918 38
6919 38
6920 38
6921 38
6922 38
6923 38
6924 38
6925 38
6926 38
6927 38
6928 38
6929 38
6930 38
6931 38
6932 38
6933 38
6934 38
6935 38
6936 38
6937 38
6938 38
6939 38
6940 38
6941 38
6942 38
6943 38
6944 38
6945 38
6946 38
6947 38
6948 38
6949 38
6950 38
6951 38
6952 38
6953 38
6954 38
6955 38
6956 38
6957 38
6958 38
6959 38
6960 38
6961 38
6962 38
6963 38
6964 38
6965 38
6966 38
6967 38
6968 38
6969 38
6970 38
6971 38
6972 38
6973 38
6974 38
6975 38
6976 38
6977 38
6978 38
6979 38
6980 38
6981 38
6982 38
6983 38
6984 38
6985 38
6986 38
6987 38
6988 38
6989 38
6990 38
6991 38
6992 38
6993 38
6994 38
6995 38
6996 38
6997 38
6998 38
6999 38
7000 38
7001 38
7002 38
7003 38
7004 38
7005 38
7006 38
7007 38
7008 38
7009 38
7010 38
7011 38
7012 38
7013 38
7014 38
7015 38
7016 38
7017 38
7018 38
7019 38
7020 38
7021 38
7022 38
7023 38
7024 38
7025 38
7026 38
7027 38
7028 38
7029 38
7030 38
7031 38
7032 38
7033 38
7034 38
7035 38
7036 38
7037 38
7038 38
7039 38
7040 38
7041 38
7042 38
7043 38
7044 38
7045 38
7046 38
7047 38
7048 38
7049 38
7050 38
7051 38
7052 38
7053 38
7054 38
7055 38
7056 38
7057 38
7058 38
7059 38
7060 38
7061 38
7062 38
7063 38
7064 38
7065 38
7066 38
7067 38
7068 38
7069 38
7070 38
7071 38
7072 38
7073 38
7074 38
7075 38
7076 38
7077 38
7078 38
7079 38
7080 38
7081 38
7082 38
7083 38
7084 38
7085 38
7086 38
7087 38
7088 38
7089 38
7090 38
7091 38
7092 38
7093 38
7094 38
7095 38
7096 38
7097 38
7098 38
7099 38
7100 38
7101 38
7102 38
7103 39
7104 39
7105 39
7106 39
7107 39
7108 39
7109 39
7110 39
7111 39
7112 39
7113 39
7114 39
7115 39
7116 39
7117 39
7118 39
7119 39
7120 39
7121 39
7122 39
7123 39
7124 39
7125 39
7126 39
7127 39
7128 39
7129 39
7130 39
7131 39
7132 39
7133 39
7134 39
7135 39
7136 39
7137 39
7138 39
7139 39
7140 39
7141 39
7142 39
7143 39
7144 39
7145 39
7146 39
7147 39
7148 39
7149 39
7150 39
7151 39
7152 39
7153 39
7154 39
7155 39
7156 39
7157 39
7158 39
7159 39
7160 39
7161 39
7162 39
7163 39
7164 39
7165 39
7166 39
7167 39
7168 39
7169 39
7170 39
7171 39
7172 39
7173 39
7174 39
7175 39
7176 39
7177 39
7178 39
7179 39
7180 39
7181 39
7182 39
7183 39
7184 39
7185 39
7186 39
7187 39
7188 39
7189 39
7190 39
7191 39
7192 39
7193 39
7194 39
7195 39
7196 39
7197 39
7198 39
7199 39
7200 39
7201 39
7202 40
7203 40
7204 40
7205 40
7206 40
7207 40
7208 40
7209 40
7210 40
7211 40
7212 40
7213 40
7214 40
7215 40
7216 40
7217 40
7218 40
7219 40
7220 40
7221 40
7222 40
7223 40
7224 40
7225 40
7226 40
7227 40
7228 40
7229 40
7230 40
7231 40
7232 40
7233 40
7234 40
7235 40
7236 40
7237 40
7238 40
7239 40
7240 40
7241 40
7242 40
7243 40
7244 40
7245 40
7246 40
7247 40
7248 40
7249 40
7250 40
7251 40
7252 40
7253 40
7254 40
7255 40
7256 40
7257 40
7258 40
7259 40
7260 40
7261 40
7262 40
7263 40
7264 40
7265 40
7266 40
7267 40
7268 40
7269 40
7270 40
7271 40
7272 40
7273 40
7274 40
7275 40
7276 40
7277 40
7278 40
7279 40
7280 40
7281 40
7282 40
7283 40
7284 40
7285 40
7286 40
7287 40
7288 40
7289 40
7290 40
7291 40
7292 40
7293 40
7294 40
7295 40
7296 40
7297 40
7298 40
7299 40
7300 40
7301 40
7302 40
7303 40
7304 40
7305 40
7306 40
7307 40
7308 40
7309 40
7310 40
7311 40
7312 40
7313 40
7314 40
7315 40
7316 40
7317 40
7318 40
7319 40
7320 40
7321 40
7322 40
7323 40
7324 40
7325 40
7326 40
7327 40
7328 41
7329 41
7330 41
7331 41
7332 41
7333 41
7334 41
7335 41
7336 41
7337 41
7338 41
7339 41
7340 41
7341 41
7342 41
7343 41
7344 41
7345 41
7346 41
7347 41
7348 41
7349 41
7350 41
7351 41
7352 41
7353 41
7354 41
7355 41
7356 41
7357 41
7358 41
7359 41
7360 41
7361 41
7362 41
7363 41
7364 41
7365 41
7366 41
7367 41
7368 41
7369 41
7370 41
7371 41
7372 41
7373 41
7374 41
7375 41
7376 41
7377 41
7378 41
7379 41
7380 41
7381 41
7382 41
7383 41
7384 41
7385 41
7386 41
7387 41
7388 41
7389 41
7390 41
7391 41
7392 41
7393 41
7394 42
7395 42
7396 42
7397 42
7398 42
7399 42
7400 42
7401 42
7402 42
7403 42
7404 42
7405 42
7406 42
7407 42
7408 42
7409 42
7410 42
7411 42
7412 42
7413 42
7414 42
7415 42
7416 42
7417 42
7418 42
7419 42
7420 42
7421 42
7422 42
7423 42
7424 42
7425 42
7426 42
7427 42
7428 42
7429 42
7430 42
7431 42
7432 42
7433 42
7434 42
7435 42
7436 42
7437 42
7438 42
7439 42
7440 42
7441 42
7442 42
7443 42
7444 42
7445 42
7446 42
7447 42
7448 42
7449 42
7450 42
7451 42
7452 42
7453 42
7454 42
7455 42
7456 42
7457 42
7458 42
7459 42
7460 42
7461 42
7462 42
7463 42
7464 42
7465 42
7466 42
7467 42
7468 42
7469 42
7470 42
7471 42
7472 42
7473 42
7474 42
7475 42
7476 42
7477 42
7478 42
7479 42
7480 42
7481 42
7482 42
7483 42
7484 42
7485 42
7486 42
7487 42
7488 42
7489 42
7490 42
7491 42
7492 42
7493 42
7494 42
7495 42
7496 42
7497 42
7498 42
7499 42
7500 42
7501 42
7502 42
7503 42
7504 42
7505 42
7506 42
7507 42
7508 42
7509 42
7510 42
7511 42
7512 42
7513 42
7514 42
7515 42
7516 42
7517 42
7518 42
7519 42
7520 42
7521 42
7522 43
7523 43
7524 43
7525 43
7526 43
7527 43
7528 43
7529 43
7530 43
7531 43
7532 43
7533 43
7534 43
7535 43
7536 43
7537 43
7538 43
7539 43
7540 43
7541 43
7542 43
7543 43
7544 43
7545 43
7546 43
7547 43
7548 43
7549 43
7550 43
7551 43
7552 43
7553 43
7554 43
7555 43
7556 43
7557 43
7558 43
7559 43
7560 43
7561 43
7562 43
7563 43
7564 43
7565 43
7566 43
7567 43
7568 43
7569 43
7570 43
7571 43
7572 43
7573 43
7574 43
7575 43
7576 43
7577 43
7578 43
7579 43
7580 43
7581 43
7582 43
7583 43
7584 43
7585 43
7586 43
7587 43
7588 43
7589 43
7590 43
7591 43
7592 43
7593 43
7594 43
7595 43
7596 43
7597 43
7598 43
7599 43
7600 43
7601 43
7602 43
7603 43
7604 43
7605 43
7606 43
7607 43
7608 43
7609 43
7610 43
7611 43
7612 43
7613 43
7614 43
7615 43
7616 43
7617 43
7618 43
7619 43
7620 43
7621 43
7622 43
7623 43
7624 43
7625 43
7626 43
7627 43
7628 43
7629 43
7630 43
7631 43
7632 43
7633 43
7634 43
7635 43
7636 43
7637 43
7638 43
7639 44
7640 44
7641 44
7642 44
7643 44
7644 44
7645 44
7646 44
7647 44
7648 44
7649 44
7650 44
7651 44
7652 44
7653 44
7654 44
7655 44
7656 44
7657 44
7658 44
7659 44
7660 44
7661 44
7662 44
7663 44
7664 44
7665 44
7666 44
7667 44
7668 44
7669 44
7670 44
7671 44
7672 44
7673 44
7674 44
7675 44
7676 44
7677 44
7678 44
7679 44
7680 44
7681 44
7682 44
7683 44
7684 44
7685 44
7686 44
7687 44
7688 44
7689 44
7690 44
7691 44
7692 44
7693 44
7694 44
7695 44
7696 44
7697 44
7698 44
7699 44
7700 44
7701 44
7702 44
7703 44
7704 44
7705 44
7706 44
7707 44
7708 44
7709 44
7710 44
7711 44
7712 44
7713 44
7714 44
7715 44
7716 44
7717 44
7718 44
7719 44
7720 44
7721 44
7722 44
7723 44
7724 44
7725 44
7726 44
7727 44
7728 44
7729 44
7730 44
7731 44
7732 44
7733 44
7734 44
7735 44
7736 44
7737 44
7738 44
7739 44
7740 44
7741 44
7742 44
7743 44
7744 44
7745 44
7746 44
7747 44
7748 44
7749 44
7750 44
7751 44
7752 44
7753 44
7754 44
7755 44
7756 44
7757 44
7758 44
7759 44
7760 44
7761 44
7762 44
7763 44
7764 44
7765 44
7766 44
7767 44
7768 44
7769 44
7770 44
7771 44
7772 44
7773 45
7774 45
7775 45
7776 45
7777 45
7778 45
7779 45
7780 45
7781 45
7782 45
7783 45
7784 45
7785 45
7786 45
7787 45
7788 45
7789 45
7790 45
7791 45
7792 45
7793 45
7794 45
7795 45
7796 45
7797 45
7798 45
7799 45
7800 45
7801 45
7802 45
7803 45
7804 45
7805 45
7806 45
7807 45
7808 45
7809 45
7810 45
7811 45
7812 45
7813 45
7814 45
7815 45
7816 45
7817 45
7818 45
7819 45
7820 45
7821 45
7822 45
7823 45
7824 45
7825 45
7826 45
7827 45
7828 45
7829 45
7830 45
7831 45
7832 45
7833 45
7834 45
7835 45
7836 45
7837 45
7838 45
7839 45
7840 45
7841 45
7842 45
7843 45
7844 45
7845 45
7846 45
7847 45
7848 45
7849 45
7850 45
7851 45
7852 45
7853 45
7854 46
7855 46
7856 46
7857 46
7858 46
7859 46
7860 46
7861 46
7862 46
7863 46
7864 46
7865 46
7866 46
7867 46
7868 46
7869 46
7870 46
7871 46
7872 46
7873 46
7874 46
7875 46
7876 46
7877 46
7878 46
7879 46
7880 46
7881 46
7882 46
7883 46
7884 46
7885 46
7886 46
7887 46
7888 46
7889 46
7890 46
7891 46
7892 46
7893 46
7894 46
7895 46
7896 46
7897 46
7898 46
7899 46
7900 46
7901 47
7902 47
7903 47
7904 47
7905 47
7906 47
7907 47
7908 47
7909 47
7910 47
7911 47
7912 47
7913 47
7914 47
7915 47
7916 47
7917 47
7918 47
7919 47
7920 47
7921 47
7922 47
7923 47
7924 47
7925 47
7926 47
7927 47
7928 47
7929 47
7930 47
7931 47
7932 47
7933 47
7934 47
7935 47
7936 47
7937 47
7938 47
7939 47
7940 47
7941 47
7942 47
7943 47
7944 47
7945 47
7946 47
7947 47
7948 47
7949 47
7950 47
7951 47
7952 47
7953 47
7954 47
7955 47
7956 47
7957 47
7958 47
7959 47
7960 47
7961 47
7962 47
7963 47
7964 47
7965 47
7966 47
7967 47
7968 47
7969 47
7970 47
7971 47
7972 47
7973 47
7974 47
7975 47
7976 47
7977 47
7978 47
7979 47
7980 47
7981 47
7982 47
7983 47
7984 47
7985 47
7986 47
7987 47
7988 47
7989 47
7990 47
7991 47
7992 47
7993 47
7994 47
7995 47
7996 47
7997 47
7998 47
7999 47
8000 47
8001 47
8002 47
8003 47
8004 47
8005 47
8006 47
8007 47
8008 47
8009 47
8010 47
8011 47
8012 47
8013 47
8014 47
8015 47
8016 47
8017 47
8018 47
8019 47
8020 47
8021 47
8022 47
8023 47
8024 47
8025 47
8026 47
8027 47
8028 47
8029 47
8030 47
8031 47
8032 47
8033 47
8034 47
8035 47
8036 47
8037 47
8038 47
8039 47
8040 47
8041 47
8042 47
8043 47
8044 47
8045 47
8046 47
8047 47
8048 47
8049 47
8050 47
8051 47
8052 47
8053 47
8054 47
8055 47
8056 47
8057 47
8058 47
8059 47
8060 47
8061 47
8062 47
8063 47
8064 47
8065 47
8066 47
8067 47
8068 47
8069 47
8070 47
8071 47
8072 47
8073 47
8074 47
8075 47
8076 47
8077 47
8078 47
8079 47
8080 47
8081 47
8082 47
8083 47
8084 47
8085 47
8086 47
8087 47
8088 47
8089 47
8090 47
8091 47
8092 47
8093 47
8094 47
8095 47
8096 47
8097 47
8098 47
8099 47
8100 47
8101 47
8102 47
8103 47
8104 47
8105 47
8106 47
8107 47
8108 47
8109 47
8110 47
8111 47
8112 47
8113 47
8114 47
8115 47
8116 47
8117 47
8118 47
8119 47
8120 47
8121 47
8122 47
8123 47
8124 47
8125 47
8126 47
8127 47
8128 47
8129 47
8130 47
8131 47
8132 47
8133 47
8134 47
8135 47
8136 47
8137 47
8138 47
8139 47
8140 47
8141 47
8142 47
8143 47
8144 47
8145 47
8146 47
8147 47
8148 47
8149 47
8150 47
8151 47
8152 47
8153 47
8154 47
8155 47
8156 48
8157 48
8158 48
8159 48
8160 48
8161 48
8162 48
8163 48
8164 48
8165 48
8166 48
8167 48
8168 48
8169 48
8170 48
8171 48
8172 48
8173 48
8174 48
8175 48
8176 48
8177 48
8178 48
8179 48
8180 48
8181 48
8182 48
8183 48
8184 48
8185 48
8186 48
8187 48
8188 48
8189 48
8190 48
8191 48
8192 48
8193 48
8194 48
8195 48
8196 48
8197 48
8198 48
8199 48
8200 48
8201 48
8202 48
8203 48
8204 48
8205 48
8206 48
8207 48
8208 48
8209 48
8210 48
8211 48
8212 48
8213 48
8214 48
8215 48
8216 48
8217 48
8218 48
8219 48
8220 48
8221 48
8222 48
8223 48
8224 48
8225 48
8226 48
8227 48
8228 48
8229 48
8230 48
8231 48
8232 48
8233 48
8234 48
8235 48
8236 48
8237 48
8238 48
8239 48
8240 48
8241 48
8242 48
8243 48
8244 48
8245 48
8246 48
8247 48
8248 48
8249 48
8250 48
8251 48
8252 48
8253 48
8254 48
8255 48
8256 48
8257 48
8258 49
8259 49
8260 49
8261 49
8262 49
8263 49
8264 49
8265 49
8266 49
8267 49
8268 49
8269 49
8270 49
8271 49
8272 49
8273 49
8274 49
8275 49
8276 49
8277 49
8278 49
8279 49
8280 49
8281 49
8282 49
8283 49
8284 49
8285 49
8286 49
8287 49
8288 49
8289 49
8290 49
8291 49
8292 49
8293 49
8294 49
8295 49
8296 49
8297 49
8298 49
8299 49
8300 49
8301 49
8302 49
8303 49
8304 49
8305 49
8306 49
8307 49
8308 49
8309 49
8310 49
8311 49
8312 49
8313 49
8314 49
8315 49
8316 49
8317 49
8318 49
8319 49
8320 49
8321 49
8322 49
8323 49
8324 49
8325 49
8326 49
8327 49
8328 49
8329 49
8330 49
8331 49
8332 49
8333 49
8334 49
8335 49
8336 49
8337 49
8338 49
8339 49
8340 49
8341 49
8342 49
8343 49
8344 49
8345 49
8346 49
8347 49
8348 49
8349 49
8350 49
8351 49
8352 49
8353 49
8354 49
8355 49
8356 49
8357 49
8358 49
8359 49
8360 49
8361 49
8362 49
8363 49
8364 49
8365 49
8366 49
8367 49
8368 49
8369 49
8370 49
8371 49
8372 49
8373 49
8374 49
8375 49
8376 49
8377 49
8378 49
8379 49
8380 49
8381 49
8382 49
8383 49
8384 49
8385 49
8386 49
8387 49
8388 49
8389 49
8390 49
8391 49
8392 49
8393 49
8394 49
8395 49
8396 49
8397 49
8398 49
8399 49
8400 49
8401 49
8402 49
8403 49
8404 49
8405 49
8406 49
8407 49
8408 49
8409 49
8410 49
8411 49
8412 49
8413 49
8414 49
8415 49
8416 49
8417 49
8418 49
8419 49
8420 49
8421 49
8422 49
8423 49
8424 49
8425 49
8426 49
8427 49
8428 49
8429 49
8430 49
8431 49
8432 49
8433 49
8434 49
8435 49
8436 49
8437 49
8438 49
8439 49
8440 49
8441 49
8442 49
8443 49
8444 49
8445 49